20210101 0100 20.8
20210101 0200 20.5
20210101 0300 20
20210101 0400 18.9
20210101 0500 18
20210101 0600 17.6
20210101 0700 18.3
20210101 0800 19
20210101 0900 19.3
20210101 1000 19.7
20210101 1100 20.2
20210101 1200 20.8
20210101 1300 21.1
20210101 1400 21.7
20210101 1500 21.9
20210101 1600 22.1
20210101 1700 22.2
20210101 1800 22.2
20210101 1900 21.9
20210101 2000 21.5
20210101 2100 20.9
20210101 2200 20
20210101 2300 19.6
20210102 0000 19.6
20210102 0100 19.6
20210102 0200 19.5
20210102 0300 19.4
20210102 0400 19.6
20210102 0500 19.6
20210102 0600 19.4
20210102 0700 19.2
20210102 0800 19.1
20210102 0900 19.2
20210102 1000 19
20210102 1100 18.2
20210102 1200 17.5
20210102 1300 17.3
20210102 1400 17
20210102 1500 17.3
20210102 1600 17.1
20210102 1700 17
20210102 1800 17
20210102 1900 16.4
20210102 2000 16.5
20210102 2100 16.4
20210102 2200 16.3
20210102 2300 16.3
20210103 0000 16.2
20210103 0100 16
20210103 0200 15.8
20210103 0300 14.1
20210103 0400 13.7
20210103 0500 13.4
20210103 0600 13.1
20210103 0700 12.9
20210103 0800 11.7
20210103 0900 10
20210103 1000 8.8
20210103 1100 8
20210103 1200 7.6
